100
289383
930886
692777
636915
747793
238335
885386
760492
516649
641421
202362
490027
368690
520059
897763
513926
180540
383426
89172
455736
5211
595368
702567
956429
465782
21530
722862
665123
174067
703135
513929
979802
634022
723058
133069
898167
961393
18456
175011
478042
176229
377373
484421
544919
413784
898537
575198
594324
798315
664370
566413
803526
776091
268980
759956
241873
806862
999170
906996
497281
702305
420925
477084
336327
660336
126505
750846
621729
661313
925857
616124
353895
819582
100545
898814
233367
515434
990364
344043
313750
171087
426808
117276
947178
695788
393584
705403
502651
392754
612399
999932
95060
549676
993368
947739
210012
636226
698586
348094
297539
